Current Settings:
        -testcase stability_measurement
        -method ...
        -mass 0.1
        -step 0.0001
        -stiff 10
        -damp 0

Max amplitude table:
step 		euler		symplectic_euler	midpoint		backwards_euler 	analytic
0.0001		2.2011		2.1962				2.1962			2.19605				2
0.0002		2.21767		2.1962				2.1962			2.19589				2
0.0004		2.31598		2.1962				2.1962			2.19559				2
0.0008		8.46648e+34	2.1962				2.1962			2.19498				2
0.0016		inf			2.1962				2.19628			2.19377				2.00001
0.0032		inf			2.19621				2.19749			2.1914				2.00005
0.0064		inf			2.19625				2.21907			2.18685				2.0002
0.0128		inf			2.1964				1.88933e+307	2.17852 			2.0008
0.0256		inf			2.19701				1.83881e+307	2.16453 			2.0032
0.0512		inf			2.19958				inf				2.14468 			2.01258




Current Settings:
        -testcase stability_measurement
        -method ...
        -mass 0.1
        -step 0.0001
        -stiff 10
        -damp 0.5

Max amplitude table:
step		euler		symplectic_euler	midpoint		backwards_euler		analytic
0.0001		2.14176		2.14169				2.14169			2.14162				2
0.0002		2.14183		2.14168				2.14169			2.14155				2
0.0004		2.14197		2.14167				2.14169			2.14141				2
0.0008		2.14226		2.14165				2.14169			2.14113				2
0.0016		2.14284		2.14162				2.14169			2.14058				2.00001
0.0032		2.14402		2.14154				2.14168			2.13949				2.00005
0.0064		2.14649		2.14141				2.14164			2.13743				2.0002
0.0128		2.15194		2.14111				2.1415			2.13367				2.00079
0.0256		2.16469		2.14079				2.14087			2.12741				2.00307
0.0512		3.25774		2.14033				2.14088			2.11877				2.01158